postWGD species 1:	Sea Lamprey
0	0.0021071793948095126	0.021867766120558737	0.002453088650737608	0.002843594955259369	0.004631350164819817	0.0030486059617259326	0.0027556765247260164	0.004734255530871424	0.04040319772031481	0.78763503102668	0.004886760782467068	0.09672649492155118	0.003404414119209265	0.00471597865291103	0.004508713436441419	0.004725491232365326	0.004485016900452422	0.0040673839040990855
1	0.0059716845159261305	0.020252118547339406	0.010734055813769718	0.012371505156596288	0.014768081782669808	0.009635306409910728	0.7243763248600266	0.02084224196356791	0.01619974370781189	0.013036923632518663	0.021536750092489107	0.016350129382004353	0.013865470206159183	0.019493693053725933	0.023369841014715866	0.0194580266485312	0.01826647563874286	0.01947162757349427
2	0.011085867467559959	8.342397554333586E-4	0.02521115867886034	0.002007625795220047	0.7757477523629718	0.001041063884603677	0.014114512528307943	0.0021252452144803896	0.001953009341288346	0.043927027656483535	0.003605940627173309	0.0019586416515794684	0.0019545737565950065	0.0024903432430483543	0.0022216145052066523	0.0021020543419923354	0.0028116344859745643	0.10480769470322107
3	0.002449383706483141	0.0027389041541425194	0.0035395151322946085	0.004128710438839779	0.005125266576802635	0.02151399966182552	0.5780627096591497	0.007598994101805358	0.005664533301771422	0.07513148679485737	0.006813204363717459	0.007242191546352518	0.007166171981660837	0.1090504617722611	0.007199678419417975	0.007271820027072334	0.14306046082356902	0.006242507537976834
4	0.03384752834787462	0.0017739405675191008	0.002112357628617129	0.002108927597437452	0.1839108535168978	0.001845353410973439	0.012279307275050994	0.0887838954849102	0.16480636462686687	0.3412409995178986	0.00357467651649135	0.023195045216966872	0.024871368140852775	0.006278979694209348	0.00723456193633495	0.07052211063440822	0.027847618699561642	0.0037661111871285288
5	0.05795514773249306	0.0027147665891045203	0.003642610319106853	0.003752541268748063	0.004718524537725321	0.004177632949268717	0.014958290563861845	0.006462372396353023	0.702688188651821	0.00434193268928331	0.008061710788625437	0.005664748979885593	0.005303175651191478	0.008000116181424358	0.011128177018185765	0.00673936279008891	0.08670803837524639	0.06298266251758654
6	0.002134331032322075	0.0027689085315435683	0.003686445265785862	0.004280376757439236	0.06644838081519701	0.003386984898749242	0.004126211302648576	0.006532382370879855	0.006228238467206688	0.6110692613835063	0.007153545429635629	0.006356674067442118	0.042862076948514245	0.006698398055869328	0.06474958821936838	0.07478732832947006	0.07780818482945498	0.008922683294966918
7	0.005792399557440767	3.9707515414780443E-4	0.012860449762098675	0.005302580076365441	0.005697468803387102	0.007015905545432539	0.35333600284951255	0.01764054476905804	0.19738346428922082	0.04826455649045604	0.006692788671902501	0.0075305582366172515	0.010939616651271597	0.04298063797572304	0.01504480288307978	9.226754285617953E-4	0.03573663767579911	0.22646183517992508
8	0.009954563057330773	0.013641018951199884	0.022855100103867532	0.04054725153821527	0.024203500766836816	0.016344914040983684	0.29373994849835694	0.035711806384533966	0.03262914887291175	0.17919817344557276	0.11020827751686876	0.029559309724591958	0.02440412281531065	0.02830549598516257	0.032989162895790666	0.03379481303686387	0.03970526528439954	0.03220812708120258
9	0.16142320172645983	0.008287535961970833	0.01049500282592608	0.016018590270428207	0.46661438460453736	0.011129592283933369	0.012920025383265213	0.022588897837239608	0.016973209357950145	0.019647925175530913	0.11327267218851209	0.019846694670964025	0.017656260373518633	0.019263681653805636	0.02229901933033469	0.02191919957617775	0.021753554129862147	0.017890552649583804
10	4.1796007520996775E-4	0.007301816576685287	0.014930226529754384	7.193086806186169E-4	0.0148102876095407	0.0011806182760955744	0.021447975504503555	0.029220206642789463	0.013170800367682008	0.7674415695779234	0.02221146505174982	0.011709238196722588	0.002163156775709534	0.02303439575948328	0.004404788494770595	0.0014761493982686756	0.0013806489459800674	0.06297938753651236
11	0.00822651948876732	0.0057926889193094504	0.0050574352479484715	0.021887571111170432	0.01180037343241146	0.007853415840348339	5.98352132525263E-4	9.368562200137251E-4	9.08861641790626E-4	0.005298550886747888	0.002952708292664458	0.0012620844880499226	0.04394946991144217	0.8117364351872942	0.0151681044426917	0.0011428676972003132	0.01219883489657521	0.04322887016304886
12	0.0016727924195338241	8.926995360754996E-4	0.0017042613758235028	0.027781652152577472	0.0017319869001334056	0.00280142930744516	0.0013537327703513492	0.06524823734800593	0.0016539912761391142	0.0013905597626326215	0.0026112921546178817	0.0035453459434966754	0.0025189462548145607	0.026841580994298755	0.024217549058538537	0.8033115783475586	0.003453841493157838	0.027268522904799246
13	0.003942161865670975	0.005803262949538905	0.009016512272550075	0.040230853499788194	9.87461777101466E-4	0.034689517963367854	0.013239190230277108	0.001288512131516922	0.010375816851148238	0.749673867111633	0.07403482809972883	0.001282441933689323	0.0012299278224761425	0.0019709882864432653	0.015162242147716387	0.0022451688688032516	0.021745642867439345	0.013081603321110684
14	0.007365268265581372	0.009094730388480117	0.022089767982024347	0.013678162578436265	0.3243596188614705	0.01232425370903072	0.15918256427915708	0.023231884450074094	0.018273842425980596	0.013947380723151043	0.24833875561344868	0.02043550644224584	0.017196737479505748	0.020657040232676744	0.023814106218196483	0.023460532919570416	0.02275088267556519	0.019798964755404713
15	0.005059477282038549	0.00809896619694564	0.034663248456012555	0.012406123003200707	0.731730287483403	7.337200770013815E-4	0.011557460076580914	0.011230839422578298	6.329155016234126E-4	0.01353879665586178	0.02545481734606741	0.012873056745614671	6.401849192981982E-4	8.256002064160094E-4	0.08052225276554972	0.009065434642049598	0.022340675739847358	0.018626143479910876
16	0.6557820249702931	5.259527131211524E-4	0.009721975841956883	0.005198962621044615	0.009980519391902445	0.030184738559927753	0.027821732551888457	9.486490037689755E-4	0.018539913049197963	0.009866715953537412	0.001064184152815899	0.024383909807514828	0.01941165849117801	0.031081143126580776	0.010344128031747096	0.10226804035363742	8.231596846296751E-4	0.04205259169525745
17	6.591808003629077E-4	0.010055479463013292	0.5638737408074025	0.012094958608912219	0.010205354906011073	0.012813769497274034	0.008037645101086318	0.01391946381315836	0.01079270773320453	0.017457897726345307	0.2124817943167599	0.0014905861058980988	0.00882624215769894	0.02278487454372067	0.03578497550140339	8.174781709010696E-4	0.02613788186979352	0.031765968877053886
18	0.722518193847147	0.012541928781695442	9.0076372927346E-4	0.016400585739497275	0.001140990359253435	0.006629863767444775	0.03010726619983151	0.039475492251966685	0.015554271608138485	0.011150596844749039	0.027201708506034577	0.008372895493413902	0.010904483489620455	0.02927781970455711	0.003183908995708117	0.05139420784181292	0.01190572956168416	0.0013392932781718845
19	0.5694049512145132	0.003385642034101113	0.003993881974234868	0.06470100884323775	0.0066246498038614425	0.004592944774608709	0.005390555159071542	0.008403732473292302	0.006469106813371489	0.06919276874591762	0.09133063139998354	0.008089808274575441	0.11747030746699007	0.007417556877493753	0.008939417742101819	0.009055501505650586	0.008683939824749933	0.006853595072244557
20	0.024185090412537885	0.044379911806108986	0.006108003019676639	0.003115996875326463	0.0016854002066405583	0.021699052333323872	0.6889731986356576	0.02783472139911433	0.0033088184564965834	0.058519576890650994	0.0028351289519323035	0.0019583923166742742	0.018542669187922373	0.011371624292768192	0.003857824132966455	0.0247470855965861	0.002305693958729169	0.05457181152688717
21	0.0031967286695260425	9.932604280682255E-4	0.0012766163255230128	0.01748883990452185	0.0021074437547433265	0.0018706246889220542	0.030438107355284415	0.042521334902077816	0.004274519847782213	0.7089178706426288	0.01991841145256634	0.03955901908086934	0.0019920356500889237	0.027031762996733547	0.061940950345819076	0.0319169703823564	0.002061064126181192	0.002494439446307439
22	0.017724227534303052	0.004671421634041158	0.01869729701949056	0.016120068127061807	0.001148865412693882	0.05270036875765437	0.7610271129716413	0.0029946746002206324	0.001958756586386688	0.03280303048022232	0.0014173273648022198	0.013111137528891568	0.011932342576366125	0.0031715509489288686	0.04198891835201054	0.0020479953809221414	0.0013791500499106659	0.015105754674452278
23	0.003326660074019491	0.1738633486960141	0.005699606335136096	0.00622329102900528	0.011068192728846913	0.005466764299673313	0.006022134805039751	0.6793797754014493	0.013182789475993831	0.011088465964026696	0.009979725681944145	0.012856716785937156	0.007402830683024652	0.009668992345973435	0.012647308222853763	0.011198962066009914	0.010866407560162602	0.010058027844889662
24	0.01279348018837381	0.6507850747753615	0.023886577274692632	0.01296778715742523	0.03085203263372806	0.014655051330836779	4.7434578572194355E-4	0.0405263452087542	0.00747225505925991	0.011698920386051113	0.012357202424177802	0.04142630436634943	0.007041975436721983	0.03554256232963604	0.02734773550287279	0.02848609518811193	0.001015014873262948	0.04067124007866193
25	0.006222253555372205	0.002599259172990036	0.004526817086251994	0.013786894204723073	5.219384448344603E-4	0.021163078250681967	3.9147310128940236E-4	0.02007074066737653	0.009340253991351653	4.008598943843056E-4	7.278018054002614E-4	0.013960324884499532	0.8532848620297067	0.0062823916610929035	0.024399651049727356	0.010207850039125395	0.010320500613663108	0.0017930495475294026
26	0.07359351029902468	0.007414413609738187	0.011916988138585497	0.010819219775640572	0.018624438528013255	0.019494679710980973	0.13245335596024296	0.01883235988231765	0.014842166555504332	0.012907222764139213	0.028428169846021985	0.42434636884109095	0.017024304754444188	0.019231122805741054	0.11640903897882292	0.023574390403583313	0.024557984431397704	0.025530264714710548
27	0.0015496926608274493	0.0018449269992776944	0.0020404655249358244	0.016854942859991374	0.0030348640074278864	0.0075864941494392674	0.002213228877414759	0.0038570760323293147	0.003371607746274399	0.002085158868406959	0.04244677478605367	0.00992557628721669	0.03330588480163145	0.009895602525024612	0.006556363421951562	0.05402984033964812	0.08350361287713047	0.7158978872350186
28	0.013356073478296992	0.016584069277581097	0.013138870080780308	0.6143715925239066	0.01817260438943112	0.0174305625775061	7.078997242323761E-4	9.150362214840499E-4	0.008183233280281445	0.018327042417006376	0.0012756131302615306	0.049063429540961254	0.010161292483465138	0.04844857569367789	0.040937697007986724	0.01752755022892448	0.017592721283673143	0.09380613666054341
29	0.004872594266442801	0.006290114989461448	0.007506635033360037	0.009298961729874254	0.011917959870056508	0.008017728640240761	0.00965830147603617	0.016675391329527268	0.01235278638668692	0.008817403868453184	0.015367307140717348	0.01409868960990509	0.011563998050311308	0.5789785150356467	0.01578297391320832	0.016534642002734024	0.0162801024362229	0.23598589422111482
30	0.042259645571312614	0.0013358188762788664	0.03758386024978948	0.003353099356052933	0.00259667933348872	0.002189948586373272	0.0020146485436950733	0.003797043400713783	0.0028357936742668	0.003132425972607618	0.0035480348026581945	0.6169692871361275	0.07266823812724489	0.0552425847254145	0.007993462167431076	0.11475030100523509	0.022126950150139584	0.005602178321169886
31	0.0017729940508475356	0.0013996981044577027	0.0027645525311621776	0.003513207616229391	0.06961769599139651	0.0018957406196958603	0.03597482024730477	0.00498228810075275	0.003383762528252849	0.0030103587712748277	0.0978320677651712	0.30735015396580234	0.0030684946806517157	0.007848004298979411	0.43785698473621987	0.003932264613698369	0.004827792068583458	0.008969119309519167
32	0.00212007141963614	0.006786450152707364	3.48818636102744E-4	0.005028599744656264	0.0011046450194384168	0.008050678981640486	0.00405075526782101	0.8701265978858509	5.658023094411417E-4	3.82037762072898E-4	0.011364680857421771	0.025587512350134747	0.009971877202341285	0.029820668071460166	6.438074718692023E-4	0.0019710148739256776	0.020972442378427745	0.0011035396150521303
33	0.009533578224126886	0.009844433571442119	0.012354349661694445	0.09915176027339419	0.019800020145820205	0.014178856682464082	0.016391210748574886	0.026526914869332594	0.020625444977938407	0.02088608836116118	0.040352229035005634	0.02441938282323465	0.018919576135819863	0.02549074750988146	0.02808383216724196	0.10618297470563755	0.4860722181465546	0.02118638196067524
34	0.6945135819365577	0.005887658524814345	0.011279521890029308	0.015768108671945655	0.020880232534860994	6.270038156757543E-4	0.01553294718490549	0.001525860914738675	0.021025633661307653	0.016062962769750368	0.013861121240620332	0.015797657580172215	0.05398286959015912	0.008746056529769801	0.013759452725701204	0.03383789368363654	0.031130530061279	0.025780906684075646
35	0.006790316659096509	0.008278748297624872	0.010456865170054388	0.012477105853954932	0.016435147598552843	0.010760733756636632	0.013705663821912	0.019382271975202287	0.01674931158481924	0.011082583736254517	0.023212675530192215	0.01982874742624415	0.01568412122486288	0.08232386972133494	0.02040111417434964	0.6591567635082721	0.022782461227507593	0.030491498733128283
36	0.007603514197817881	0.007980269041974861	0.3937172963337871	0.011831317894547846	0.01485784600088438	0.011107992689592224	0.011918335662897718	0.22387980620598075	0.015737808501647847	0.06695381831513919	0.056641206025694224	0.019854673662846097	0.01479482741189859	0.043907826453487224	0.02147235861009059	0.020369084022120783	0.039368539299327834	0.01800347967026483
37	0.02664630945333631	0.015275248248601736	0.6875755222222905	0.016324241445019427	0.007779942165000403	0.0148803961435586	0.029778881527043704	0.01573023736285539	0.018312302106094733	0.012249469079110783	0.0012747836221381772	0.03905964309491274	0.010810896247980201	9.158288933039624E-4	0.021656268986366047	0.0032020703064825832	0.026948668023447885	0.051579291072457026
38	0.017632468358569502	0.7014007792286496	6.117974386011808E-4	0.00993309057016988	8.144418483899273E-4	0.026632952536168722	0.0033079985945702745	0.01219874365894752	0.03579650799735797	0.00826078162052237	0.0023539010459525103	0.014529118858726117	0.00289191871704317	0.015562824453761918	0.0015904549259838489	0.0583025974949801	0.003524978573071017	0.0846546440785343
39	0.06193757351912301	0.001962559137369105	0.00236260130973468	0.0030687740814493466	0.0036633858295418912	0.005905702442446856	0.03235927140982764	0.05388719351165629	0.7892856297206385	0.002819720945460104	0.004938693788666345	0.004951634584457466	0.00413959120213441	0.004665376441772442	0.007770022291055372	0.004993643644082194	0.007084935848475155	0.004203690292109276
40	0.010330850349160153	0.003372316391635942	0.023067093238494762	0.007523297522364126	8.176052347717252E-4	0.6579076094621631	0.029763010119864094	9.950362225844517E-4	0.021393332997453395	0.008406998155926406	0.02030518136981732	0.024381790923096894	0.022022013352767586	0.020420514272477364	0.09853572378851382	0.0011858795203830944	0.032148157770370674	0.017423589308155137
41	0.040757383976102325	0.004061790629327341	0.00570558167431113	0.006123713401331508	0.00751999750417839	0.005759773033571336	0.0694253499926435	0.2179778716477512	0.008115365160567312	0.005831778896047805	0.024556468492051616	0.009711551547002933	0.00761714385217691	0.010518809261046083	0.01226265478030911	0.010864974230735692	0.010151401206421823	0.5430383907144241
42	0.010504987985370967	0.006661507979711117	0.006019765732237887	5.447489973220229E-4	5.773055682673784E-4	0.003439612924356069	0.004758973603955989	0.0019063270423622638	0.01349666255698639	0.00928783218537824	0.015009626259257341	0.011801907612366273	0.8422352291815699	6.308733088486904E-4	6.620149600121166E-4	0.04848936819650014	0.008310568787175173	0.015662687118322176
43	0.0086795588256038	0.010624075485706489	0.5430180231534616	0.08600440473747852	0.023409344591802175	0.013513267128727163	0.01583457282192882	0.026328275763104356	0.03236616010457098	0.014587350397841646	0.032398157553111054	0.023035791344607846	0.024661446235965983	0.029351070991211727	0.026675007203431557	0.027125666449196638	0.0359758569334086	0.026411970278840954
44	0.009218939109958833	0.0028072711930129403	0.007814847931711524	8.611651490647998E-4	0.7538960858847885	0.010794511946450315	0.01456574177443148	0.016880181500418937	0.01697230185745034	0.020518314558061523	0.017882584375776632	8.170162812826458E-4	0.010424734019612905	0.029274332023344556	0.020045703508838327	0.020312901738311673	0.007288160547156322	0.03962520660032766
45	0.011120255798502437	0.013741730878506933	0.017056051818638212	0.020663789334452346	0.025538307740169717	0.01825132326564659	0.020957204432523264	0.03507112655360784	0.30368919639600295	0.019592578433173663	0.033463962012229	0.030768414278602017	0.28493917885518777	0.03119482688632646	0.03559909334019819	0.03527945254109978	0.03437318620463819	0.02870032123049478
46	0.009522578076860725	0.0063482877668388045	0.00977853318463015	0.009392678201317202	0.008728314576011136	0.013427368345706563	3.9591429075806783E-4	0.010436071510953146	0.8669916720222708	8.95898235200555E-4	0.008799701688939952	0.004535989228901836	4.916940630226583E-4	0.0010311602333820823	0.019136227020936487	7.874365050886278E-4	0.028539523565776215	7.60951483404722E-4
47	0.011089907690179675	0.7283713074851892	0.039219166000162536	0.0028689314988862413	0.011274735234897035	0.001003294170372497	0.009426547225031933	0.012828827482066563	0.015199695691509517	0.02944075867397103	0.017956882569982804	0.0010034433920651144	0.001780566866392061	0.00800466173327525	0.01739063939781536	0.02202237573861559	0.057829795146521173	0.013288464003066153
48	0.02432221313223402	0.1649659928234812	0.016677056119093363	0.034132767431465975	0.026524895647069096	0.024002908982075532	0.02121826433621317	0.07139563951060333	0.06511022549094309	0.019583180514722732	0.03773056807858137	0.04106132156365462	0.027235308557722875	0.03355362232482969	0.05447704139299961	0.15874785376200767	0.05140451850999067	0.127856621822312
49	0.008934497565219532	0.7052511323702954	0.0010249423413575378	0.024174139043920385	0.005181076684696338	0.010871991831155324	8.784469211711758E-4	0.03704073449601089	0.03710228278833036	0.007779000842654633	0.0634931897518307	0.022573241639288887	0.009872921906961115	0.0031703878782438225	0.0022882520133718567	0.0012132145045083047	0.010962419055634923	0.04818812836534896
50	0.002009894175269886	0.002581555178579588	0.03388262522170192	0.003688764736105348	0.006326797561541572	0.0030129581503762267	0.004119130982378905	0.006044801707906515	0.18268167344680175	0.005080324231125524	0.005675142120544006	0.1713979789350159	0.00430347843533541	0.005715898526608033	0.4689297327150579	0.006336854574751604	0.0816670585687929	0.006545330732107153
51	0.004637586316089467	0.008419620982960565	5.246592968166871E-4	0.0066487375392093595	0.014670272634817825	0.016881012376321818	0.006699583910940974	0.013349993437239442	0.8798018100966607	4.119671681169603E-4	7.472242202761724E-4	0.001078572549447329	0.009066466797993378	0.0013215164073031027	0.025309468957527143	0.008318035956333597	9.137017682748885E-4	0.0011997695836706743
52	0.697401736746695	0.006065702205527012	0.008844381508412718	0.0016724128247146324	0.02868854799349528	0.015230943871335705	0.020597458048411548	0.002210086914877509	0.03337338613658488	9.464363720716321E-4	0.0018965498048953279	0.0016556443991346602	0.060466962435840176	0.06499607438111919	0.01640503034332247	0.0035834656230977406	0.028773043436507245	0.00719213695395748
53	0.012456817717653699	0.013118629946814274	0.020252298400136648	0.019353474195529023	0.023869466817489384	0.020295420177271106	0.08012414865254758	0.03359800292623453	0.025808474183526445	0.019681282285161462	0.48622755779285537	0.02878715854618259	0.03298553808375116	0.029597118539717138	0.03952303553982543	0.043003778402907596	0.04090102184739502	0.03041677594500155
54	0.010625561579276181	4.4039253703492804E-4	0.005052007416522824	5.671343150626558E-4	0.016916683075000327	0.03055743366895593	9.269298562510243E-4	0.8340044821509105	0.001377521211727726	6.102331640977989E-4	9.161743332033748E-4	0.03387534988293078	7.14012409297181E-4	9.003242720062423E-4	0.028966665803091374	0.0012767428283759926	0.030758982479669798	0.0015133690165854221
55	0.01149793627325005	0.021169331819549032	0.0016639784039813284	0.001801306752751793	0.0021711369824655444	0.001671626625886708	0.004864146348396122	0.8395792383361341	0.003043259973802473	0.00178487832292757	0.0036081503583927973	0.003124663279541496	0.041105151301866746	0.002832521505506175	0.04979759337260338	0.003474536339306401	0.00417451785354446	0.0026360261500936416
56	8.268791961131337E-4	8.75999310999552E-4	9.645325124538012E-4	0.012660681185566595	0.0014680292057956304	0.011339045877913595	0.010446536223841906	0.9413933319869726	0.0015561088546460736	0.0011602569814434913	0.0018413443096768221	0.002149860374107315	0.001984408068116353	0.0018724533068304415	0.00346961235911466	0.0019915061412811744	0.002044130619468528	0.0019552834856582375
57	0.001552824897797871	0.0019298212328745185	0.004821998724660489	0.0025936803869409408	0.0038021070141797324	0.0024528346906169123	0.08667104239747934	0.004587410713919571	0.008278402280202579	0.005500673353267505	0.004651122732668944	0.20237475904177793	0.0034704542167980066	0.004167460770311013	0.004516479283254794	0.0093790644463913	0.6076493586475047	0.04160050516935394
58	0.005928131015449207	0.002435708293736542	0.008771224493280796	4.191195960582853E-4	0.012888662067852814	0.009821984641403004	6.657530981392084E-4	0.007172896138075531	0.00670484317418119	0.009634925667172906	0.02775067042433403	0.7565028543270821	0.011766023860514768	0.0012897822659002779	0.008050452913530933	0.009256845173688813	0.11993122990902008	0.001008892940579489
59	0.011468140270206406	0.006761982476881042	0.013714319871694476	6.781504648637667E-4	0.0012362501827353242	0.0038415224793030543	0.7707771706357516	0.0027174006489791565	0.001113596792831628	0.012149567139481747	0.003763688062567041	0.051482494465814724	0.010979229311164213	0.02800705672530469	0.014008216488393843	0.0012840426007450754	0.024086028632705352	0.041931142750576966
60	0.0016103888932463635	0.0029109603325402954	0.0020995885381128736	0.0023482014877843726	0.0030858084476230955	0.0032878821089655725	0.7524079945579871	0.005029430062648283	0.004054652842154276	0.0023327612378114477	0.005727031454190245	0.009032461154149669	0.08715526638878224	0.003822459445659888	0.09440319219492553	0.004605095044392458	0.010839828179272214	0.005246997629753943
61	0.009687403296633422	0.009023383709873748	0.021737268895763783	0.005666357147984254	0.006950207231648046	0.00905944159987635	0.7886709678806848	9.942167326219187E-4	0.01579458959323796	0.006158071705654852	0.020563738489543296	0.02014574168460989	0.0011102060922730365	0.01860067988013999	9.910934038575708E-4	0.025400864462934124	7.978937108933849E-4	0.03864787448176947
62	0.01468773268337666	0.007296974265591995	0.0037382703602620738	0.005061719979635549	0.01288368611045457	0.026204597419377373	0.01946716738346103	0.00798838524324157	0.01881850867982943	4.229456126523318E-4	7.790130249285851E-4	6.977026645207768E-4	0.0190898918357777	0.012330158255263278	0.013613702234884773	0.011237369773134002	0.8086223654941204	0.01705980897948803
63	0.012183188864480264	0.001834397388987821	0.004592137840714833	0.013707712758606745	5.105235524050719E-4	0.009586355646443176	0.010088425369252862	0.008938687320012578	7.111766665449777E-4	7.954780105872134E-4	0.868832746324242	5.767296380719608E-4	0.01919061780618039	6.943484492878199E-4	0.012610637634742659	0.0010166048944151768	0.006917891390530886	0.027212340444493506
64	0.014671980052919574	0.01954727458610302	0.02989645816170736	0.02737978859578416	0.03414137969373033	0.024150991385639666	0.03747399811930318	0.04896224050151814	0.0367316935974039	0.027341903632507554	0.04485411840005375	0.2572026983535759	0.03840659768193238	0.04177762828126564	0.057905969439436995	0.06889358196266669	0.04612747745560218	0.14453422009884945
65	0.021133008081599264	0.004657982479692011	0.0031329642013905616	0.004347165992785959	0.006833931264749436	0.03261600661180278	0.042441803850657184	0.01546457309926932	0.005804192698098225	0.012393482137568359	0.009017332953558119	0.07773596216491942	0.016019084603516625	0.006830607267963903	0.007256993558779805	0.49188398345332934	0.1542272892956063	0.08820363628471342
66	0.006394930745076634	0.007447102513243685	0.009394492264535436	0.10478240225684911	0.1820736425450455	0.011278376237355567	0.012280818420657093	0.3165725987959907	0.1830319881235012	0.010737614612312665	0.01858372496143722	0.020028411647761552	0.014307687091152387	0.017677737753446696	0.020620303276289612	0.019775559705990608	0.023266759635178543	0.02174584941417571
67	0.0073969577481107	0.006801141449048579	0.006597197416893779	0.019943989982910408	0.001072143362070767	0.7683898780858783	0.013293816516622509	0.011781390446941114	9.60932789201646E-4	0.0011571018596501427	0.0014283056850903457	0.0010310907695078861	0.008230603379978189	0.056590429247844104	0.03516292108415759	0.022249164488667404	0.001742483224755471	0.0361704524626712
68	0.029056358866832513	0.0048473280459149694	0.7360365690871467	0.01515436185612153	0.03873129164853723	0.006554762261024141	0.017003140084231334	0.016328609688565334	8.036932644830563E-4	0.023556539642912624	0.04226232208290554	0.027641575819832044	0.010686794658698684	0.0013392291531611053	0.013732003516406676	0.011304467012506375	0.0021608758338436135	0.002800077476876554
69	0.005837061216398803	0.007130120476073854	0.008968033595146759	0.6746267705644154	0.013997327952051285	0.009648472505835958	0.011162163963131843	0.020589615745090308	0.015245604572350455	0.011028101878097286	0.021115032349934813	0.06836466844860238	0.01431189329715608	0.017791080425256726	0.021127569137292863	0.021006580692111927	0.04192115524766025	0.0161287479333932
70	0.01611975903168426	0.004588364621730559	0.01227460621198999	0.7860687830578099	0.009639464384333333	6.945610139037497E-4	0.005968084737365357	0.01975877632371542	0.008545435001244335	0.01188104381161717	0.004680817388544597	8.99428271652806E-4	0.03115733096645035	0.0011215257493107371	0.03859647385271388	9.985552387616692E-4	0.001964667508879686	0.045042322828292104
71	0.024469724115816723	0.5509615473248749	0.029030546786400768	0.00123767319466242	0.001493311527567819	0.003194792402797027	0.03648047787531065	0.03323759320933181	0.019845927745510975	0.014507996375504735	0.01690669307343348	0.014878125737047195	0.11878999572214181	0.013360859207775631	0.08727251832006594	0.002162434019432974	0.030855997124260827	0.0013137862380642944
72	0.014993603415673304	4.8804924327652095E-4	0.014844689766393873	0.015620528040235351	0.0011794633183165619	0.010009794857095746	7.441081002784191E-4	0.019030146200307085	0.011293657728277808	0.7375945217548244	0.002543041216584165	0.04609768180902551	0.00114069973640052	0.0311869522812243	0.026605095499750986	0.012774246287949374	0.012677802089804183	0.04117591865458174
73	0.555865870542484	6.270650954941189E-4	0.01685730666310797	0.06541917265248362	0.022584519162508605	0.0011115680362179738	0.026737040723672816	0.017500235481823365	0.037680666292107416	0.015897463234262877	0.001347933546427623	0.018676316526233132	0.024235667489262994	0.02387126638220717	0.015378840538193888	0.13844114799056448	0.0159535608987316	0.0018143587442161452
74	0.005016204437544825	0.04837235388664345	0.008462316263520982	0.008922088214573905	0.010934880064026006	0.009312409159217497	0.009394196392982616	0.015865024490487108	0.01444435825320355	0.008366159806971996	0.1391844639296827	0.14050540127575115	0.016627408117963257	0.014090273142682233	0.5074531259124935	0.015662883356581846	0.01484513814212236	0.01254131515355089
75	0.011954542582762365	6.087307141769943E-4	0.012031153894691388	0.00803357688866601	0.0068300226767689706	0.7127071039617033	7.539704802056043E-4	0.016099597196319322	0.02274297612052454	6.513939464261562E-4	0.03217008930733467	0.002226442385294609	0.02216273680815885	0.01622584048100289	0.1125766663368589	0.01958297342450774	0.0010202089457380951	0.0016219738488597727
76	0.010202694359588926	4.8663759896445095E-4	6.323679336727023E-4	0.7932597671476247	0.01631358292742687	0.012443351398300722	0.025235248548729262	0.01507593645270784	0.01797531116912962	0.007222094951329516	0.0020625646033324693	8.429021779314486E-4	0.008799232670357418	0.045252650279741014	0.002629518574973128	0.021299347038835684	0.0011200218481681368	0.019146770319185904
77	0.005900649493670837	0.009401386903175362	0.009119140084321454	6.412778325365577E-4	0.015557973252918921	0.7612877580861662	0.001773349211959559	0.0018696133108303198	0.0022746939397000486	0.007541407719208586	0.05986230606438983	0.011324227521451772	9.659934537217371E-4	0.019762142051281434	0.036236885551798464	0.028945604123392	0.026069084885257617	0.0014665065142192334
78	0.011698521705259101	3.354468289432111E-4	0.01414456204235369	0.022329925825822494	5.766147124324466E-4	0.00802617484644289	0.020058075980126405	0.0015925073000087437	0.00914132266514105	0.009065137593383241	0.821615167144814	0.020272206105069374	0.010240523251203087	0.008356123914115055	0.02071891759043658	0.010942397347500197	0.009411752904720967	0.001474622242227566
79	0.03760772426812236	0.003760396248121488	0.00476089706943931	0.007304291779348551	0.00743074722003687	0.005363078118739315	0.007974300257742727	0.014232806268125318	0.007753243771721085	0.007266908256732481	0.03359058496065609	0.009208125723860958	0.007428325711810024	0.2693695002004903	0.25224587171603746	0.012486765727368263	0.30379095444129495	0.008425478260352691
80	0.010268811106481463	0.012385591725227466	0.020609007882968475	5.542959219215643E-4	5.881102111800114E-4	4.334466108633612E-4	4.875230783906229E-4	0.0010107578441317397	8.520333030209569E-4	0.007201347449801824	0.00147397649672417	0.002372071274017918	0.006734105145277408	0.0011342450808898975	0.001238293972953882	9.467993961075542E-4	0.9293944189659237	0.0023151645341179727
81	0.012750208449898869	0.01752922346112227	0.007623984506916345	0.7318873080745858	0.051169413598328245	0.007707267169710046	0.001241362723361097	0.028138199917131755	0.024232709824230408	0.014670679172782744	0.0013423314490142919	0.0023604519542870976	9.221690432598973E-4	0.0012455271247695996	0.00184061735263331	0.0015023017753704126	0.02057927507104935	0.07325696933154822
82	0.005200955534853709	3.0865245694938867E-4	0.004955361273422125	4.7140415683524843E-4	6.430000289203941E-4	3.887653635292321E-4	0.017647888843512965	0.019796470224306684	6.978948857439743E-4	0.004905029146454699	0.033580406509845985	6.919400422331009E-4	0.013499693216624408	0.020288917545355382	0.8653377396580972	8.360655018584019E-4	8.044681286665241E-4	0.009945347482790782
83	7.498368004469012E-4	4.2417905504245666E-4	0.008724911977236656	0.023478585251068326	0.002643488466234567	9.41726912320445E-4	0.01106302044938898	0.001160123267315463	0.02170710872982458	0.01214844558524831	0.012556887605907814	0.03577829743368635	0.015516258670481915	0.0015041673682328022	0.03979249122054738	0.04322643458275741	0.001188493762697226	0.7673955428615624
84	0.013600399066927388	0.016820429462880773	0.020863633684449667	0.025272380822983827	0.0312351444491234	0.02232162933624109	0.025631190409132396	0.04296098913403436	0.033765878641998	0.02396201465872927	0.040943645844191745	0.03763027697404365	0.03168320215774759	0.03815132656211222	0.04353998769881434	0.4744718276680493	0.0420428472158604	0.03510319621268067
85	0.014837770369659067	0.00804097830196642	0.005633209553752575	6.690238903579469E-4	0.014783146396244257	0.0048421163269970705	7.267588475112879E-4	0.004837375245824834	7.106119719173516E-4	5.808911874757304E-4	0.02280066149828678	0.7689145979541547	0.012166125730694019	0.013799318512128917	0.0016522279251357675	0.07265989035627182	0.01066733040697032	0.04167796552465126
86	0.013557426847947834	7.18487868652753E-4	3.5131410151162477E-4	0.008972449010093444	0.0076466607934364645	0.005792172473486057	4.475387416476258E-4	8.488296362990692E-4	8.044798305713216E-4	4.8208960094098567E-4	0.0013210420820657478	0.012052980535985565	0.009972368155363181	0.005563461040075532	0.8912325496265938	0.030840025710220854	0.00848735623516127	9.087677099470342E-4
87	0.002428610892756011	0.0028158155793609413	0.003374623729908267	0.13471465148977096	0.702160343966725	0.0038607683106195983	0.006302662851481113	0.007745774436615061	0.01341591960561034	0.0041223540987845655	0.008421509276305701	0.006149515949287839	0.00706261465496723	0.007336947023546691	0.007622687244591123	0.007826584658910046	0.007454104013694223	0.06718451221706521
88	0.014006390885365963	0.016094086549920873	0.03624226384287684	0.020672985451891522	0.08049462342435433	8.426501890029823E-4	0.01592541153681407	0.0019118228760674517	0.023324107420956298	0.012384561534319345	0.018482084463707207	0.0028727240453936174	0.4853771287362891	0.033267004690313226	0.007802828367850708	0.0038275545613754842	0.21836567195446938	0.008106099469031526
89	0.005308256243132763	4.3957278291550825E-4	0.05835480624162344	0.02499758512205838	0.01090986249407069	0.008424434216613512	0.016746522151447674	0.08717425862205326	9.354857277812311E-4	0.015249680056338788	0.5632989649990382	0.0011987999794705337	0.01313541271104547	0.006341819108178476	0.0030419246327242255	0.031991726133190214	0.03146776155841668	0.1209831272199011
90	0.6400683470064779	0.04204148596994503	0.011489246702181037	0.00176307610461428	0.0030171145498444595	0.013547038668904195	0.04990393698356417	0.0023986990000186203	0.0018039580251471292	0.001508879698107237	0.0038172781994307474	0.00737932288737455	0.02428943927973123	0.023070485379317628	0.05408589616938851	0.0030085450633500883	0.0021495522881262515	0.11465769802447717
91	0.009642290773781929	0.01908080599297304	0.022344254074793332	0.0010879083268740355	0.00939324427436614	0.01234894339072848	6.68146211805215E-4	0.0022517751991609314	0.03077808185282804	0.0035263759907247544	0.0015970801326577373	0.022199246893922542	8.088709861806499E-4	0.838521187568562	0.0024116786684524262	0.0017787689636625905	0.005170293829122251	0.016391046869403965
92	0.0051076738764787594	0.020072403989414393	0.019383730614823482	0.0066472234299932275	7.977101956475263E-4	5.649076663844786E-4	0.010024497054535082	0.011135296153226676	0.009983294558995593	6.098897024259304E-4	0.016967683527828646	0.0012130763653164303	0.004625426507426225	0.001494128327142861	0.013529678052965345	0.835538031600322	0.041031556792535166	0.0012737915845380196
93	0.012898325891141016	0.00998263135262151	0.01563441439950247	6.314589507513771E-4	0.04480122298380813	6.551917661280137E-4	0.011753423243937175	0.011506091329517782	9.92681283732029E-4	6.672651532927945E-4	0.0011096385639172697	9.442216963862423E-4	0.030225135428172255	9.91037271954868E-4	0.010844823564582589	0.8441266635126372	0.001151810213312049	0.0010839633946051375
94	0.020942636572401325	0.05142567528263417	0.015619310382363239	0.0014437630037381934	0.02864012144024774	0.023663056746806268	0.0010856497042211041	0.021968421622759915	0.0017388111054173097	0.640352730674692	0.04554993974596011	0.0016848017152311322	0.024659489369912253	0.023698868035805547	0.013252453409726623	0.02796645943995341	0.027859442185775296	0.028448369562354286
95	0.0012463772676933865	0.0014824094168002357	0.0020590451092558143	0.0027138117697078122	0.7236422248771743	0.005931376285570381	0.00225046031011297	0.09969294422413474	0.05068726338411465	0.002291197586278928	0.003731305963471858	0.0033328134103005054	0.07408191993097143	0.00561641569338765	0.007054300656762321	0.005290618630690149	0.003897762026543059	0.004997753457029978
96	0.0017066318505752612	0.0013046922980734245	0.014816228708240961	0.001988761888977444	0.007914507912590468	0.0016441788820707483	0.0018089000188937525	0.006632900927171267	0.0024405002419201	0.015487499003763104	0.06432729216203731	0.0029486937967281484	0.002333963052313088	0.8056170140540243	0.00444246960190748	0.004043621884413815	0.048526893979246574	0.012015249737052775
97	0.0010322747348819267	0.012031035189014225	0.04497249540479478	0.0027933108927960535	0.7009366444208477	0.0015191204194039273	0.0017368633137257324	0.003672249331875242	0.002647368332501347	0.005753884263742464	0.0032537891117656948	0.09207244872567111	0.002555395611410358	0.0038377926251064805	0.009335509028913593	0.07260895857646912	0.036281642335136734	0.002959217681943724
98	0.028269380871875267	0.6273058693089757	0.0014925914645849661	0.004463654522768925	0.016571231296866697	0.047887564363949336	0.001926976937345907	0.002297091603485258	0.05815852563996085	0.012025547348176995	0.025034475232473537	0.0016942674162389341	0.009277498176684825	0.0461471270194764	0.04478181398220317	0.06858929475491184	0.0021759423820157256	0.0019011476780057286
99	0.008031209287117994	0.027768110231209026	0.02206085895251012	0.017371379191509828	0.04680446866171952	0.6550954732978101	0.001382057287749268	0.001920766377450405	0.005404107776898361	0.0014085125792266445	0.08028247870316425	0.005020290157749056	0.020549301886319538	0.014235764658214026	0.02478208221254235	0.005243164948323794	0.0035287414149254848	0.05911123237556009
100	0.006356418711821195	9.100175806515278E-4	0.6843441274247047	0.01422662009180484	0.025892730412886394	0.0014078695304522977	0.032018368159705345	0.002440651550278795	0.047684211777474846	0.02089849339647764	0.0917524098159369	0.003157126021538179	0.018903605671976128	0.0016938216708344456	0.0367696675905988	0.0025904310620125967	0.006644612909217701	0.002308816621627829
101	6.766902113295984E-4	8.353743527914735E-4	8.763371706172903E-4	0.0010050268333242527	0.0023645164082832437	0.025976726909150413	0.0016274966368655202	0.08614856415947231	0.0017110991405980302	0.7791130804016303	0.004341373088712132	0.0014835033503020295	0.02085546456893914	0.045297391617901514	0.0022438721523447935	0.02193653420313447	0.0017204599418113072	0.0017864888527919925
102	0.011561533199385606	0.01811456006349509	0.00447619980271767	0.6268085828487808	0.02598854391900632	0.0011042332011133237	0.018856644390702094	0.002946224204434321	0.003270085839450633	0.0011816315976653398	0.023567062805071985	0.02997882449695144	0.00926018248053575	0.023813009198402617	0.0020698078037138597	0.007932075061375459	0.0022377512140815624	0.18683304787311625
103	0.029893151991162447	5.799137212914906E-4	0.008733053604949751	0.047035087281343486	0.013284524328037171	0.0016613383848814297	0.0012492011553644647	0.001727116247752499	0.0012324790678951458	0.009629928418395424	0.015469037721619639	0.0028952080538344736	0.03513113465994295	0.7672137937994885	0.0015662197529558639	0.03159427458074348	0.029282211534777648	0.0018223256955641083
104	0.030452504486598964	0.0018350606886858834	0.5681617316634864	0.01731388925417514	0.04355972510165853	0.021027266209382077	0.034012262949247356	0.0027985321187288764	0.10749845850099218	0.017327631696770613	0.004246385199449574	0.07604606724354258	0.05265580539838846	0.003884737083562924	0.002592150575272602	0.0048691006171190255	0.0032529773198885278	0.008465713893050352
105	0.010217424937970317	0.0012205330470581941	0.010282706696709295	9.549156350653258E-4	0.001369004830141422	0.0011133971857119644	0.012923286024351952	0.053057619638082316	0.030176584254753742	0.02805376747371426	0.06504915265101834	0.7280299170019879	0.008779034424970368	0.013889391020819925	0.0027872933363599205	0.019988192482660733	0.001799636778103155	0.010308142580520673
